2014-01-01 21 498 519
2014-01-02 593 534 1127
2014-01-03 588 534 1122
2014-01-04 740 545 1285
2014-01-05 21 498 519
2014-01-06 724 351 1075
2014-01-07 590 534 1124
2014-01-08 588 534 1122
2014-01-09 588 534 1122
2014-01-10 743 545 1288
2014-01-11 588 534 1122
2014-01-12 21 498 519
2014-01-13 588 534 1122
2014-01-14 588 534 1122
2014-01-15 714 534 1248
2014-01-16 741 550 1291
2014-01-17 583 540 1123
2014-01-18 582 540 1122
2014-01-19 21 507 528
2014-01-20 582 540 1122
2014-01-21 575 373 948
2014-01-22 388 518 906
2014-01-23 582 540 1122
2014-01-24 582 543 1125
2014-01-25 737 554 1291
2014-01-26 28 658 686
2014-01-27 582 540 1122
2014-01-28 187 169 356
2014-01-29 582 543 1125
2014-01-30 582 540 1122
2014-01-31 582 540 1122
2014-02-01 582 540 1122
2014-02-02 21 507 528
2014-02-03 582 540 1122
2014-02-04 582 540 1122
2014-02-05 582 540 1122
2014-02-06 582 543 1125
2014-02-07 582 540 1122
2014-02-08 582 543 1125
2014-02-09 21 510 531
2014-02-10 582 543 1125
2014-02-11 582 543 1125
2014-02-12 582 543 1125
2014-02-13 582 543 1125
2014-02-14 582 540 1122
2014-02-15 737 551 1288
2014-02-16 21 507 528
2014-02-17 582 543 1125
2014-02-18 582 543 1125
2014-02-19 582 543 1125
2014-02-20 582 543 1125
2014-02-21 582 540 1122
2014-02-22 582 540 1122
2014-02-23 21 510 531
2014-02-24 582 540 1122
2014-02-25 583 540 1123
2014-02-26 582 543 1125
2014-02-27 582 543 1125
2014-02-28 575 529 1104
2014-03-01 582 541 1123
2014-03-02 21 510 531
2014-03-03 582 540 1122
2014-03-04 575 529 1104
2014-03-05 582 540 1122
2014-03-06 582 540 1122
2014-03-07 582 540 1122
2014-03-08 735 551 1286
2014-03-09 21 510 531
2014-03-10 734 559 1293
2014-03-11 582 555 1137
2014-03-12 575 542 1117
2014-03-13 582 552 1134
2014-03-14 582 555 1137
2014-03-15 582 552 1134
2014-03-16 21 519 540
2014-03-17 575 542 1117
2014-03-18 582 555 1137
2014-03-19 575 544 1119
2014-03-20 582 552 1134
2014-03-21 737 566 1303
2014-03-22 582 553 1135
2014-03-23 21 519 540
2014-03-24 717 554 1271
2014-03-25 737 566 1303
2014-03-26 583 555 1138
2014-03-27 582 552 1134
2014-03-28 582 552 1134
2014-03-29 737 563 1300
2014-03-30 21 519 540
2014-03-31 582 555 1137
2014-04-01 575 541 1116
2014-04-02 582 552 1134
2014-04-03 582 552 1134
2014-04-04 582 552 1134
2014-04-05 582 552 1134
2014-04-06 21 519 540
2014-04-07 582 552 1134
2014-04-08 735 563 1298
2014-04-09 395 541 936
2014-04-10 691 554 1245
2014-04-11 582 696 1278
2014-04-12 582 552 1134
2014-04-13 21 522 543
2014-04-14 582 552 1134
2014-04-15 582 696 1278
2014-04-16 582 696 1278
2014-04-17 582 552 1134
2014-04-18 582 552 1134
2014-04-19 735 563 1298
2014-04-20 21 522 543
2014-04-21 21 519 540
2014-04-22 582 552 1134
2014-04-23 582 557 1139
2014-04-24 582 553 1135
2014-04-25 582 552 1134
2014-04-26 582 552 1134
2014-04-27 21 522 543
2014-04-28 582 552 1134
2014-04-29 575 544 1119
2014-04-30 582 552 1134
2014-05-01 21 519 540
2014-05-02 582 552 1134
2014-05-03 582 555 1137
2014-05-04 21 522 543
2014-05-05 737 564 1301
2014-05-06 582 552 1134
2014-05-07 737 710 1447
2014-05-08 21 522 543
2014-05-09 582 555 1137
2014-05-10 737 563 1300
2014-05-11 21 519 540
2014-05-12 582 552 1134
2014-05-13 582 552 1134
2014-05-14 582 552 1134
2014-05-15 582 555 1137
2014-05-16 582 552 1134
2014-05-17 582 552 1134
2014-05-18 21 520 541
2014-05-19 582 555 1137
2014-05-20 575 544 1119
2014-05-21 582 552 1134
2014-05-22 21 522 543
2014-05-23 582 552 1134
2014-05-24 582 552 1134
2014-05-25 21 519 540
2014-05-26 582 555 1137
2014-05-27 575 544 1119
2014-05-28 582 718 1300
2014-05-29 21 522 543
2014-05-30 582 555 1137
2014-05-31 737 566 1303
2014-06-01 21 522 543
2014-06-02 737 566 1303
2014-06-03 730 555 1285
2014-06-04 737 566 1303
2014-06-05 582 555 1137
2014-06-06 690 555 1245
2014-06-07 582 555 1137
2014-06-08 21 522 543
2014-06-09 21 522 543
2014-06-10 575 544 1119
2014-06-11 21 519 540
2014-06-12 21 515 536
2014-06-13 21 513 534
2014-06-14 21 516 537
2014-06-15 21 513 534
2014-06-16 208 524 732
2014-06-17 21 516 537
2014-06-18 21 516 537
2014-06-19 21 516 537
2014-06-20 21 516 537
2014-06-21 21 513 534
2014-06-22 21 516 537
2014-06-23 21 516 537
2014-06-24 21 513 534
2014-06-25 582 547 1129
2014-06-26 717 551 1268
2014-06-27 582 549 1131
2014-06-28 582 549 1131
2014-06-29 21 516 537
2014-06-30 732 560 1292
